      NEVENTS = 1000

      EVENT_NORM = 'average'

      ISEED = 0

      LPP(1) = 1

      LPP(2) = 1

      EBEAM(1) = 6.500000000000000D+03

      EBEAM(2) = 6.500000000000000D+03

      PDLABEL = 'nn23nlo'

      LHAPDFID(0) = 1

      LHAPDFID(1) = 244600

      PDFSCHEME = 0

      PHOTONS_FROM_LEPTON = .TRUE.

      LHAPDFSETNAME(1) = 'internal_use_only'

      HAS_BSTRAHL = .FALSE.

      ALPHASCHEME = 0

      NLEP_RUN = -1

      NUPQ_RUN = -1

      NDNQ_RUN = -1

      W_RUN = 1

      SHOWER_MC = 'HERWIG6'

      SHOWER_SCALE_FACTOR = 1.000000000000000D+00

      MCATNLO_DELTA = .FALSE.

      FIXED_REN_SCALE = .FALSE.

      FIXED_FAC_SCALE = .FALSE.

      FIXED_EXTRA_SCALE = .TRUE.

      MUR_REF_FIXED = 9.111799999999999D+01

      MUF1_REF_FIXED = 9.111799999999999D+01

      MUF_REF_FIXED = 9.111799999999999D+01

      MUF2_REF_FIXED = 9.111799999999999D+01

      MUE_REF_FIXED = 9.111799999999999D+01

      DYN_SCALE(0) = 1

      DYN_SCALE(1) = -1

      FIXED_QES_SCALE = .FALSE.

      QES_REF_FIXED = 9.111799999999999D+01

      MUR_OVER_REF = 1.000000000000000D+00

      MUF_OVER_REF = 1.000000000000000D+00

      MUF1_OVER_REF = 1.000000000000000D+00

      MUF2_OVER_REF = 1.000000000000000D+00

      MUE_OVER_REF = 1.000000000000000D+00

      QES_OVER_REF = 1.000000000000000D+00

      LSCALEVAR(1) = .TRUE.

      RW_RSCALE_DOWN = -1.000000000000000D+00

      RW_RSCALE_UP = -1.000000000000000D+00

      RW_FSCALE_DOWN = -1.000000000000000D+00

      RW_FSCALE_UP = -1.000000000000000D+00

      SCALEVARR(0) = 3.000000000000000D+00

      SCALEVARR(1) = 1.000000000000000D+00

      SCALEVARR(2) = 2.000000000000000D+00

      SCALEVARR(3) = 5.000000000000000D-01

      SCALEVARF(0) = 3.000000000000000D+00

      SCALEVARF(1) = 1.000000000000000D+00

      SCALEVARF(2) = 2.000000000000000D+00

      SCALEVARF(3) = 5.000000000000000D-01

      LPDFVAR(1) = .FALSE.

      PDF_SET_MIN = 244601

      PDF_SET_MAX = 244700

      STORE_RWGT_INFO = .FALSE.

      FLAVOUR_BIAS(0) = 2

      FLAVOUR_BIAS(1) = 5

      FLAVOUR_BIAS(2) = 1

      ICKKW = 0

      BWCUTOFF = 1.500000000000000D+01

      JETALGO = 1.000000000000000D+00

      JETRADIUS = 7.000000000000000D-01

      PTJ = 1.000000000000000D+01

      ETAJ = -1.000000000000000D+00

      GAMMA_IS_J = .FALSE.

      PTL = 0.000000000000000D+00

      ETAL = -1.000000000000000D+00

      DRLL = 0.000000000000000D+00

      DRLL_SF = 0.000000000000000D+00

      MLL = 0.000000000000000D+00

      MLL_SF = 3.000000000000000D+01

      RPHRECO = 1.000000000000000D-01

      ETAPHRECO = -1.000000000000000D+00

      LEPPHRECO = .FALSE.

      QUARKPHRECO = .FALSE.

      PTGMIN = 2.000000000000000D+01

      ETAGAMMA = -1.000000000000000D+00

      R0GAMMA = 4.000000000000000D-01

      XN = 1.000000000000000D+00

      EPSGAMMA = 1.000000000000000D+00

      ISOEM = .TRUE.

      MAXJETFLAVOR = 4

      PINEAPPL = .FALSE.

      FO_LHE_WEIGHT_RATIO = 1.000000000000000D-03

      PDG_CUT(0) = 1

      PDG_CUT(1) = 0

      PTMIN4PDG(0) = 1.000000000000000D+00

      PTMIN4PDG(1) = 0.000000000000000D+00

      PTMAX4PDG(0) = 1.000000000000000D+00

      PTMAX4PDG(1) = -1.000000000000000D+00

      MXXMIN4PDG(0) = 1.000000000000000D+00

      MXXMIN4PDG(1) = 0.000000000000000D+00

      MXXPART_ANTIPART(1) = .FALSE.

