      MDL_CABI = 2.277360D-01
      MP__MDL_CABI = 0.227736_16
      MDL_YDM = 1.000000D+00
      MP__MDL_YDM = 1.0_16
      MDL_LAMHS = 0.000000D+00
      MP__MDL_LAMHS = 0.0_16
      MDL_LAMS = 0.000000D+00
      MP__MDL_LAMS = 0.0_16
      MU_R = 9.118800D+01
      MP__MU_R = 91.188_16
      MDL_MB = 4.700000D+00
      MP__MDL_MB = 4.7_16
      MDL_MT = 1.720000D+02
      MP__MDL_MT = 172.0_16
      MDL_MTA = 1.777000D+00
      MP__MDL_MTA = 1.777_16
      MDL_MZ = 9.118760D+01
      MP__MDL_MZ = 91.1876_16
      MDL_MH = 1.250000D+02
      MP__MDL_MH = 125.0_16
      MDL_MPSIT = 3.200000D+04
      MP__MDL_MPSIT = 32000.0_16
      MDL_MSDM = 3.190000D+04
      MP__MDL_MSDM = 31900.0_16
      AEWM1 = 1.279000D+02
      MP__AEWM1 = 127.9_16
      MDL_GF = 1.166370D-05
      MP__MDL_GF = 1.16637E-05_16
      AS = 1.190000D-01
      MP__AS = 0.119_16
      MDL_YMB = 4.700000D+00
      MP__MDL_YMB = 4.7_16
      MDL_YMT = 1.720000D+02
      MP__MDL_YMT = 172.0_16
      MDL_YMTAU = 1.777000D+00
      MP__MDL_YMTAU = 1.777_16
      MDL_WT = 0.000000D+00
      MP__MDL_WT = 0_16
      MDL_WZ = 2.495200D+00
      MP__MDL_WZ = 2.4952_16
      MDL_WW = 2.085000D+00
      MP__MDL_WW = 2.085_16
      MDL_WH = 4.070000D-03
      MP__MDL_WH = 0.00407_16
      MDL_WPSIT = 0.000000D+00
      MP__MDL_WPSIT = 0.0_16
